% time	cellId	IMSI	RNTI	sinrLinear	componentCarrierId
0.041	1	3	1	3354.36	0
0.042	1	1	2	1085.41	0
0.043	1	4	3	3354.36	0
0.044	1	2	4	3354.36	0
0.081	1	3	1	3354.36	0
0.082	1	1	2	1084.36	0
0.083	1	4	3	3354.36	0
0.084	1	2	4	3354.36	0
0.121	1	3	1	3354.36	0
0.122	1	1	2	1083.32	0
0.123	1	4	3	3354.36	0
0.124	1	2	4	3354.36	0
0.161	1	3	1	3354.36	0
0.162	1	1	2	1082.27	0
0.163	1	4	3	3354.36	0
0.164	1	2	4	3354.36	0
0.201	1	3	1	3354.36	0
0.202	1	1	2	1081.22	0
0.203	1	4	3	3354.36	0
0.204	1	2	4	3354.36	0
0.241	1	3	1	3354.36	0
0.242	1	1	2	1080.18	0
0.243	1	4	3	3354.36	0
0.244	1	2	4	3354.36	0
0.281	1	3	1	3354.36	0
0.282	1	1	2	1079.14	0
0.283	1	4	3	3354.36	0
0.284	1	2	4	3354.36	0
0.321	1	3	1	3354.36	0
0.322	1	1	2	1078.09	0
0.323	1	4	3	3354.36	0
0.324	1	2	4	3354.36	0
0.361	1	3	1	3354.36	0
0.362	1	1	2	1077.05	0
0.363	1	4	3	3354.36	0
0.364	1	2	4	3354.36	0
0.401	1	3	1	3354.36	0
0.402	1	1	2	1076.02	0
0.403	1	4	3	3354.36	0
0.404	1	2	4	3354.36	0
0.441	1	3	1	3354.36	0
0.442	1	1	2	1074.98	0
0.443	1	4	3	3354.36	0
0.444	1	2	4	3354.36	0
0.481	1	3	1	3354.36	0
0.482	1	1	2	1073.94	0
0.483	1	4	3	3354.36	0
0.484	1	2	4	3354.36	0
0.521	1	3	1	3354.36	0
0.522	1	1	2	1072.91	0
0.523	1	4	3	3354.36	0
0.524	1	2	4	3354.36	0
0.561	1	3	1	3354.36	0
0.562	1	1	2	1071.87	0
0.563	1	4	3	3354.36	0
0.564	1	2	4	3354.36	0
0.601	1	3	1	3354.36	0
0.602	1	1	2	1070.84	0
0.603	1	4	3	3354.36	0
0.604	1	2	4	3354.36	0
0.641	1	3	1	3354.36	0
0.642	1	1	2	1069.81	0
0.643	1	4	3	3354.36	0
0.644	1	2	4	3354.36	0
0.681	1	3	1	3354.36	0
0.682	1	1	2	1068.78	0
0.683	1	4	3	3354.36	0
0.684	1	2	4	3354.36	0
0.721	1	3	1	3354.36	0
0.722	1	1	2	1067.75	0
0.723	1	4	3	3354.36	0
0.724	1	2	4	3354.36	0
0.761	1	3	1	3354.36	0
0.762	1	1	2	1066.72	0
0.763	1	4	3	3354.36	0
0.764	1	2	4	3354.36	0
0.801	1	3	1	3354.36	0
0.802	1	1	2	1065.7	0
0.803	1	4	3	3354.36	0
0.804	1	2	4	3354.36	0
0.841	1	3	1	3354.36	0
0.842	1	1	2	1064.67	0
0.843	1	4	3	3354.36	0
0.844	1	2	4	3354.36	0
0.881	1	3	1	3354.36	0
0.882	1	1	2	1063.65	0
0.883	1	4	3	3354.36	0
0.884	1	2	4	3354.36	0
0.921	1	3	1	3354.36	0
0.922	1	1	2	1062.63	0
0.923	1	4	3	3354.36	0
0.924	1	2	4	3354.36	0
0.961	1	3	1	3354.36	0
0.962	1	1	2	1061.61	0
0.963	1	4	3	3354.36	0
0.964	1	2	4	3354.36	0
1.001	1	3	1	3354.36	0
1.002	1	1	2	1060.59	0
1.003	1	4	3	3354.36	0
1.004	1	2	4	3354.36	0
1.041	1	3	1	3354.36	0
1.042	1	1	2	1059.57	0
1.043	1	4	3	3354.36	0
1.044	1	2	4	3354.36	0
1.081	1	3	1	3354.36	0
1.082	1	1	2	1058.55	0
1.083	1	4	3	3354.36	0
1.084	1	2	4	3354.36	0
1.121	1	3	1	3354.36	0
1.122	1	1	2	1057.54	0
1.123	1	4	3	3354.36	0
1.124	1	2	4	3354.36	0
1.161	1	3	1	3354.36	0
1.162	1	1	2	1056.52	0
1.163	1	4	3	3354.36	0
1.164	1	2	4	3354.36	0
1.201	1	3	1	3354.36	0
1.202	1	1	2	1055.51	0
1.203	1	4	3	3354.36	0
1.204	1	2	4	3354.36	0
1.241	1	3	1	3354.36	0
1.242	1	1	2	1054.5	0
1.243	1	4	3	3354.36	0
1.244	1	2	4	3354.36	0
1.281	1	3	1	3354.36	0
1.282	1	1	2	1053.49	0
1.283	1	4	3	3354.36	0
1.284	1	2	4	3354.36	0
1.321	1	3	1	3354.36	0
1.322	1	1	2	1052.48	0
1.323	1	4	3	3354.36	0
1.324	1	2	4	3354.36	0
1.361	1	3	1	3354.36	0
1.362	1	1	2	1051.47	0
1.363	1	4	3	3354.36	0
1.364	1	2	4	3354.36	0
1.401	1	3	1	3354.36	0
1.402	1	1	2	1050.47	0
1.403	1	4	3	3354.36	0
1.404	1	2	4	3354.36	0
1.441	1	3	1	3354.36	0
1.442	1	1	2	1049.46	0
1.443	1	4	3	3354.36	0
1.444	1	2	4	3354.36	0
1.481	1	3	1	3354.36	0
1.482	1	1	2	1048.46	0
1.483	1	4	3	3354.36	0
1.484	1	2	4	3354.36	0
1.521	1	3	1	3354.36	0
1.522	1	1	2	1047.45	0
1.523	1	4	3	3354.36	0
1.524	1	2	4	3354.36	0
1.561	1	3	1	3354.36	0
1.562	1	1	2	1046.45	0
1.563	1	4	3	3354.36	0
1.564	1	2	4	3354.36	0
1.601	1	3	1	3354.36	0
1.602	1	1	2	1045.45	0
1.603	1	4	3	3354.36	0
1.604	1	2	4	3354.36	0
1.641	1	3	1	3354.36	0
1.642	1	1	2	1044.45	0
1.643	1	4	3	3354.36	0
1.644	1	2	4	3354.36	0
1.681	1	3	1	3354.36	0
1.682	1	1	2	1043.46	0
1.683	1	4	3	3354.36	0
1.684	1	2	4	3354.36	0
1.721	1	3	1	3354.36	0
1.722	1	1	2	1042.46	0
1.723	1	4	3	3354.36	0
1.724	1	2	4	3354.36	0
1.761	1	3	1	3354.36	0
1.762	1	1	2	1041.47	0
1.763	1	4	3	3354.36	0
1.764	1	2	4	3354.36	0
1.801	1	3	1	3354.36	0
1.802	1	1	2	1040.47	0
1.803	1	4	3	3354.36	0
1.804	1	2	4	3354.36	0
1.841	1	3	1	3354.36	0
1.842	1	1	2	1039.48	0
1.843	1	4	3	3354.36	0
1.844	1	2	4	3354.36	0
1.881	1	3	1	3354.36	0
1.882	1	1	2	1038.49	0
1.883	1	4	3	3354.36	0
1.884	1	2	4	3354.36	0
1.921	1	3	1	3354.36	0
1.922	1	1	2	1037.5	0
1.923	1	4	3	3354.36	0
1.924	1	2	4	3354.36	0
1.961	1	3	1	3354.36	0
1.962	1	1	2	1036.51	0
1.963	1	4	3	3354.36	0
1.964	1	2	4	3354.36	0
2.001	1	3	1	3354.36	0
2.002	1	1	2	1035.52	0
2.003	1	4	3	3354.36	0
2.004	1	2	4	3354.36	0
2.041	1	3	1	3354.36	0
2.042	1	1	2	1034.53	0
2.043	1	4	3	3354.36	0
2.044	1	2	4	3354.36	0
2.081	1	3	1	3354.36	0
2.082	1	1	2	1033.55	0
2.083	1	4	3	3354.36	0
2.084	1	2	4	3354.36	0
2.121	1	3	1	3354.36	0
2.122	1	1	2	1032.57	0
2.123	1	4	3	3354.36	0
2.124	1	2	4	3354.36	0
2.161	1	3	1	3354.36	0
2.162	1	1	2	1031.58	0
2.163	1	4	3	3354.36	0
2.164	1	2	4	3354.36	0
2.201	1	3	1	3354.36	0
2.202	1	1	2	1030.6	0
2.203	1	4	3	3354.36	0
2.204	1	2	4	3354.36	0
2.241	1	3	1	3354.36	0
2.242	1	1	2	1029.62	0
2.243	1	4	3	3354.36	0
2.244	1	2	4	3354.36	0
2.281	1	3	1	3354.36	0
2.282	1	1	2	1028.64	0
2.283	1	4	3	3354.36	0
2.284	1	2	4	3354.36	0
2.321	1	3	1	3354.36	0
2.322	1	1	2	1027.66	0
2.323	1	4	3	3354.36	0
2.324	1	2	4	3354.36	0
2.361	1	3	1	3354.36	0
2.362	1	1	2	1026.69	0
2.363	1	4	3	3354.36	0
2.364	1	2	4	3354.36	0
2.401	1	3	1	3354.36	0
2.402	1	1	2	1025.71	0
2.403	1	4	3	3354.36	0
2.404	1	2	4	3354.36	0
2.441	1	3	1	3354.36	0
2.442	1	1	2	1024.74	0
2.443	1	4	3	3354.36	0
2.444	1	2	4	3354.36	0
2.481	1	3	1	3354.36	0
2.482	1	1	2	1023.77	0
2.483	1	4	3	3354.36	0
2.484	1	2	4	3354.36	0
2.521	1	3	1	3354.36	0
2.522	1	1	2	1022.79	0
2.523	1	4	3	3354.36	0
2.524	1	2	4	3354.36	0
2.561	1	3	1	3354.36	0
2.562	1	1	2	1021.82	0
2.563	1	4	3	3354.36	0
2.564	1	2	4	3354.36	0
2.601	1	3	1	3354.36	0
2.602	1	1	2	1020.85	0
2.603	1	4	3	3354.36	0
2.604	1	2	4	3354.36	0
2.641	1	3	1	3354.36	0
2.642	1	1	2	1019.89	0
2.643	1	4	3	3354.36	0
2.644	1	2	4	3354.36	0
2.681	1	3	1	3354.36	0
2.682	1	1	2	1018.92	0
2.683	1	4	3	3354.36	0
2.684	1	2	4	3354.36	0
2.721	1	3	1	3354.36	0
2.722	1	1	2	1017.95	0
2.723	1	4	3	3354.36	0
2.724	1	2	4	3354.36	0
2.761	1	3	1	3354.36	0
2.762	1	1	2	1016.99	0
2.763	1	4	3	3354.36	0
2.764	1	2	4	3354.36	0
2.801	1	3	1	3354.36	0
2.802	1	1	2	1016.03	0
2.803	1	4	3	3354.36	0
2.804	1	2	4	3354.36	0
2.841	1	3	1	3354.36	0
2.842	1	1	2	1015.07	0
2.843	1	4	3	3354.36	0
2.844	1	2	4	3354.36	0
2.881	1	3	1	3354.36	0
2.882	1	1	2	1014.1	0
2.883	1	4	3	3354.36	0
2.884	1	2	4	3354.36	0
2.921	1	3	1	3354.36	0
2.922	1	1	2	1013.15	0
2.923	1	4	3	3354.36	0
2.924	1	2	4	3354.36	0
2.961	1	3	1	3354.36	0
2.962	1	1	2	1012.19	0
2.963	1	4	3	3354.36	0
2.964	1	2	4	3354.36	0
3.001	1	3	1	3354.36	0
3.002	1	1	2	1011.23	0
3.003	1	4	3	3354.36	0
3.004	1	2	4	3354.36	0
3.041	1	3	1	3354.36	0
3.042	1	1	2	1010.27	0
3.043	1	4	3	3354.36	0
3.044	1	2	4	3354.36	0
3.081	1	3	1	3354.36	0
3.082	1	1	2	1009.32	0
3.083	1	4	3	3354.36	0
3.084	1	2	4	3354.36	0
3.121	1	3	1	3354.36	0
3.122	1	1	2	1008.37	0
3.123	1	4	3	3354.36	0
3.124	1	2	4	3354.36	0
3.161	1	3	1	3354.36	0
3.162	1	1	2	1007.41	0
3.163	1	4	3	3354.36	0
3.164	1	2	4	3354.36	0
3.201	1	3	1	3354.36	0
3.202	1	1	2	1006.46	0
3.203	1	4	3	3354.36	0
3.204	1	2	4	3354.36	0
3.241	1	3	1	3354.36	0
3.242	1	1	2	1005.51	0
3.243	1	4	3	3354.36	0
3.244	1	2	4	3354.36	0
3.281	1	3	1	3354.36	0
3.282	1	1	2	1004.56	0
3.283	1	4	3	3354.36	0
3.284	1	2	4	3354.36	0
3.321	1	3	1	3354.36	0
3.322	1	1	2	1003.62	0
3.323	1	4	3	3354.36	0
3.324	1	2	4	3354.36	0
3.361	1	3	1	3354.36	0
3.362	1	1	2	1002.67	0
3.363	1	4	3	3354.36	0
3.364	1	2	4	3354.36	0
3.401	1	3	1	3354.36	0
3.402	1	1	2	1001.73	0
3.403	1	4	3	3354.36	0
3.404	1	2	4	3354.36	0
3.441	1	3	1	3354.36	0
3.442	1	1	2	1000.78	0
3.443	1	4	3	3354.36	0
3.444	1	2	4	3354.36	0
3.481	1	3	1	3354.36	0
3.482	1	1	2	999.839	0
3.483	1	4	3	3354.36	0
3.484	1	2	4	3354.36	0
3.521	1	3	1	3354.36	0
3.522	1	1	2	998.898	0
3.523	1	4	3	3354.36	0
3.524	1	2	4	3354.36	0
3.561	1	3	1	3354.36	0
3.562	1	1	2	997.957	0
3.563	1	4	3	3354.36	0
3.564	1	2	4	3354.36	0
3.601	1	3	1	3354.36	0
3.602	1	1	2	997.018	0
3.603	1	4	3	3354.36	0
3.604	1	2	4	3354.36	0
3.641	1	3	1	3354.36	0
3.642	1	1	2	996.08	0
3.643	1	4	3	3354.36	0
3.644	1	2	4	3354.36	0
3.681	1	3	1	3354.36	0
3.682	1	1	2	995.143	0
3.683	1	4	3	3354.36	0
3.684	1	2	4	3354.36	0
3.721	1	3	1	3354.36	0
3.722	1	1	2	994.208	0
3.723	1	4	3	3354.36	0
3.724	1	2	4	3354.36	0
3.761	1	3	1	3354.36	0
3.762	1	1	2	993.273	0
3.763	1	4	3	3354.36	0
3.764	1	2	4	3354.36	0
3.801	1	3	1	3354.36	0
3.802	1	1	2	992.34	0
3.803	1	4	3	3354.36	0
3.804	1	2	4	3354.36	0
3.841	1	3	1	3354.36	0
3.842	1	1	2	991.408	0
3.843	1	4	3	3354.36	0
3.844	1	2	4	3354.36	0
3.881	1	3	1	3354.36	0
3.882	1	1	2	990.477	0
3.883	1	4	3	3354.36	0
3.884	1	2	4	3354.36	0
3.921	1	3	1	3354.36	0
3.922	1	1	2	989.547	0
3.923	1	4	3	3354.36	0
3.924	1	2	4	3354.36	0
3.961	1	3	1	3354.36	0
3.962	1	1	2	988.619	0
3.963	1	4	3	3354.36	0
3.964	1	2	4	3354.36	0
4.001	1	3	1	3354.36	0
4.002	1	1	2	987.691	0
4.003	1	4	3	3354.36	0
4.004	1	2	4	3354.36	0
4.041	1	3	1	3354.36	0
4.042	1	1	2	986.765	0
4.043	1	4	3	3354.36	0
4.044	1	2	4	3354.36	0
4.081	1	3	1	3354.36	0
4.082	1	1	2	985.84	0
4.083	1	4	3	3354.36	0
4.084	1	2	4	3354.36	0
4.121	1	3	1	3354.36	0
4.122	1	1	2	984.916	0
4.123	1	4	3	3354.36	0
4.124	1	2	4	3354.36	0
4.161	1	3	1	3354.36	0
4.162	1	1	2	983.993	0
4.163	1	4	3	3354.36	0
4.164	1	2	4	3354.36	0
4.201	1	3	1	3354.36	0
4.202	1	1	2	983.071	0
4.203	1	4	3	3354.36	0
4.204	1	2	4	3354.36	0
4.241	1	3	1	3354.36	0
4.242	1	1	2	982.151	0
4.243	1	4	3	3354.36	0
4.244	1	2	4	3354.36	0
4.281	1	3	1	3354.36	0
4.282	1	1	2	981.231	0
4.283	1	4	3	3354.36	0
4.284	1	2	4	3354.36	0
4.321	1	3	1	3354.36	0
4.322	1	1	2	980.313	0
4.323	1	4	3	3354.36	0
4.324	1	2	4	3354.36	0
4.361	1	3	1	3354.36	0
4.362	1	1	2	979.396	0
4.363	1	4	3	3354.36	0
4.364	1	2	4	3354.36	0
4.401	1	3	1	3354.36	0
4.402	1	1	2	978.48	0
4.403	1	4	3	3354.36	0
4.404	1	2	4	3354.36	0
4.441	1	3	1	3354.36	0
4.442	1	1	2	977.565	0
4.443	1	4	3	3354.36	0
4.444	1	2	4	3354.36	0
4.481	1	3	1	3354.36	0
4.482	1	1	2	976.651	0
4.483	1	4	3	3354.36	0
4.484	1	2	4	3354.36	0
4.521	1	3	1	3354.36	0
4.522	1	1	2	975.739	0
4.523	1	4	3	3354.36	0
4.524	1	2	4	3354.36	0
4.561	1	3	1	3354.36	0
4.562	1	1	2	974.828	0
4.563	1	4	3	3354.36	0
4.564	1	2	4	3354.36	0
4.601	1	3	1	3354.36	0
4.602	1	1	2	973.917	0
4.603	1	4	3	3354.36	0
4.604	1	2	4	3354.36	0
4.641	1	3	1	3354.36	0
4.642	1	1	2	973.008	0
4.643	1	4	3	3354.36	0
4.644	1	2	4	3354.36	0
4.681	1	3	1	3354.36	0
4.682	1	1	2	972.1	0
4.683	1	4	3	3354.36	0
4.684	1	2	4	3354.36	0
4.721	1	3	1	3354.36	0
4.722	1	1	2	971.193	0
4.723	1	4	3	3354.36	0
4.724	1	2	4	3354.36	0
4.761	1	3	1	3354.36	0
4.762	1	1	2	970.288	0
4.763	1	4	3	3354.36	0
4.764	1	2	4	3354.36	0
4.801	1	3	1	3354.36	0
4.802	1	1	2	969.383	0
4.803	1	4	3	3354.36	0
4.804	1	2	4	3354.36	0
4.841	1	3	1	3354.36	0
4.842	1	1	2	968.48	0
4.843	1	4	3	3354.36	0
4.844	1	2	4	3354.36	0
4.881	1	3	1	3354.36	0
4.882	1	1	2	967.577	0
4.883	1	4	3	3354.36	0
4.884	1	2	4	3354.36	0
4.921	1	3	1	3354.36	0
4.922	1	1	2	966.676	0
4.923	1	4	3	3354.36	0
4.924	1	2	4	3354.36	0
4.961	1	3	1	3354.36	0
4.962	1	1	2	965.776	0
4.963	1	4	3	3354.36	0
4.964	1	2	4	3354.36	0
